% Parameter File
% 18-Jul-2016 12:13:52
% coeffstruct

function [param]=smoothcoeffdata()
    
    param.peaksmooth.coeff = [1.78842212302e-13,4.31445298046e-12,1.04083397512e-10,2.51094471564e-09,6.05748614213e-08,1.46130869193e-06,3.52461400951e-05,0.000847948016745,0.0196982925017,0.309401076759,1,0.309401076759,0.0196982925017,0.000847948016745,3.52461400951e-05,1.46130869193e-06,6.05748614213e-08,2.51094471564e-09,1.04083397512e-10,4.31445298046e-12,1.78842212302e-13];
    param.peaksmooth.maxsmooth = [10];
    param.polysmooth(1).coeff = [1];
    param.polysmooth(2).coeff = [0.00326799712376,-0.0121963313049,0.0455173280957,-0.169872981078,0.633974596216,1,0.633974596216,-0.169872981078,0.0455173280957,-0.0121963313049,0.00326799712376];
    param.polysmooth(3).coeff = [-0.00157955210104,0.00478467986716,-0.0137130140483,0.0357133367244,-0.0755703277627,0.0666419935816,0.555136271329,1,0.555136271329,0.0666419935816,-0.0755703277627,0.0357133367244,-0.0137130140483,0.00478467986716,-0.00157955210104];
    param.polysmooth(4).coeff = [0.00187445903776,-0.00277073679848,0.00192469664729,0.00437069243288,-0.0136273305608,-0.0245039325521,0.222476139607,0.712149799682,1,0.712149799682,0.222476139607,-0.0245039325521,-0.0136273305608,0.00437069243288,0.00192469664729,-0.00277073679848,0.00187445903776];
    param.polysmooth(5).coeff = [-0.00951555430552,-0.00260014307233,0.118390834606,0.430681431798,0.818369221253,1,0.818369221253,0.430681431798,0.118390834606,-0.00260014307233,-0.00951555430552];
    param.polysmooth(6).coeff = [-0.00226431503171,0.02944454928,0.131210685757,0.339368304508,0.628172391139,0.892060293433,1,0.892060293433,0.628172391139,0.339368304508,0.131210685757,0.02944454928,-0.00226431503171];
    param.polysmooth(7).coeff = [0.00126527671844,0.0089330509256,0.0330887414786,0.0898195742311,0.196235597626,0.359987082497,0.567465532302,0.77926609447,0.93987856212,1,0.93987856212,0.77926609447,0.567465532302,0.359987082497,0.196235597626,0.0898195742311,0.0330887414786,0.0089330509256,0.00126527671844];
    param.polysmooth(8).coeff = [0.00198881369986,0.00568935052534,0.0141598111189,0.0313970282579,0.0629551090828,0.115314002057,0.19434880201,0.303001942811,0.438742836599,0.591815475815,0.745339044085,0.877856907854,0.968007975549,1,0.968007975549,0.877856907854,0.745339044085,0.591815475815,0.438742836599,0.303001942811,0.19434880201,0.115314002057,0.0629551090828,0.0313970282579,0.0141598111189,0.00568935052534,0.00198881369986];
    param.polysmooth(9).coeff = [0.00163673897663,0.00329936005082,0.00633403089154,0.0116099437616,0.0203608039967,0.0342251542364,0.0552250652858,0.0856499081937,0.127819652856,0.183722164897,0.254550608726,0.340204974867,0.438856027483,0.546688181857,0.65792886477,0.765230590478,0.860402601803,0.935406057807,0.983452250551,1,0.983452250551,0.935406057807,0.860402601803,0.765230590478,0.65792886477,0.546688181857,0.438856027483,0.340204974867,0.254550608726,0.183722164897,0.127819652856,0.0856499081937,0.0552250652858,0.0342251542364,0.0203608039967,0.0116099437616,0.00633403089154,0.00329936005082,0.00163673897663];
    param.polysmooth(1).maxsmooth = [0];
    param.polysmooth(2).maxsmooth = [1];
    param.polysmooth(3).maxsmooth = [2];
    param.polysmooth(4).maxsmooth = [3];
    param.polysmooth(5).maxsmooth = [4];
    param.polysmooth(6).maxsmooth = [5];
    param.polysmooth(7).maxsmooth = [6];
    param.polysmooth(8).maxsmooth = [7];
    param.polysmooth(9).maxsmooth = [8];
    param.polypeaksmooth(1).coeff = [1];
    param.polypeaksmooth(2).coeff = [0.00101112182893,-0.00377355803823,0.014083110324,-0.0525588832577,0.196152422707,1,0.196152422707,-0.0525588832577,0.014083110324,-0.00377355803823,0.00101112182893];
    param.polypeaksmooth(3).coeff = [0.00107815943949,0.00549653899053,-0.0560435493448,0.341757835059,1,0.341757835059,-0.0560435493448,0.00549653899053,0.00107815943949];
    param.polypeaksmooth(4).coeff = [-0.00121077626605,0.00672457495306,-0.0213422987116,0.00672457495306,0.519863652136,1,0.519863652136,0.00672457495306,-0.0213422987116,0.00672457495306,-0.00121077626605];
    param.polypeaksmooth(5).coeff = [0.00278683302207,-0.00646069003893,-0.0186274247864,0.169730975019,0.678594315237,1,0.678594315237,0.169730975019,-0.0186274247864,-0.00646069003893,0.00278683302207];
    param.polypeaksmooth(6).coeff = [-0.0050875314413,-0.00289920499062,0.0936124325931,0.390210245629,0.798945176048,1,0.798945176048,0.390210245629,0.0936124325931,-0.00289920499062,-0.0050875314413];
    param.polypeaksmooth(7).coeff = [-0.0012425937506,0.0228269077109,0.110974905769,0.308700541731,0.602248967165,0.882709512288,1,0.882709512288,0.602248967165,0.308700541731,0.110974905769,0.0228269077109,-0.0012425937506];
    param.polypeaksmooth(8).coeff = [0.00100561908154,0.00688208082914,0.0266685838517,0.0762501988476,0.174784537168,0.33401962139,0.543914563559,0.764665729842,0.935435368978,1,0.935435368978,0.764665729842,0.543914563559,0.33401962139,0.174784537168,0.0762501988476,0.0266685838517,0.00688208082914,0.00100561908154];
    param.polypeaksmooth(9).coeff = [0.00144593513959,0.00427998454796,0.011066697362,0.0255017553296,0.0530592639113,0.100584921329,0.17488356221,0.280251454248,0.41547948034,0.571458781792,0.730766766685,0.870172150526,0.965880096128,1,0.965880096128,0.870172150526,0.730766766685,0.571458781792,0.41547948034,0.280251454248,0.17488356221,0.100584921329,0.0530592639113,0.0255017553296,0.011066697362,0.00427998454796,0.00144593513959];
    param.polypeaksmooth(1).maxsmooth = [0];
    param.polypeaksmooth(2).maxsmooth = [1];
    param.polypeaksmooth(3).maxsmooth = [2];
    param.polypeaksmooth(4).maxsmooth = [3];
    param.polypeaksmooth(5).maxsmooth = [4];
    param.polypeaksmooth(6).maxsmooth = [5];
    param.polypeaksmooth(7).maxsmooth = [6];
    param.polypeaksmooth(8).maxsmooth = [7];
    param.polypeaksmooth(9).maxsmooth = [8];
    
end